Bryo_Species	Ge1	Ge10	Ge11	Ge12	Ge13	Ge14	Ge15	Ge16	Ge17	Ge18	Ge19	Ge2	Ge20	Ge21	Ge22	Ge23	Ge24	Ge25	Ge26	Ge27	Ge28	Ge29	Ge3	Ge30	Ge4	Ge5	Ge6	Ge7	Ge8	Ge9	Go1	Go10	Go11	Go12	Go13	Go14	Go15	Go16	Go17	Go18	Go19	Go2	Go20	Go21	Go22	Go23	Go24	Go25	Go26	Go27	Go28	Go29	Go3	Go30	Go4	Go5	Go6	Go7	Go8	Go9
Acanthocoleus madagascariensis	0.1	0	0	0.166666667	0	0	0	0.166666667	0	0	0	0.222222222	0.25	0	0.222222222	0	0	0.166666667	0.142857143	0	0.090909091	0.1	0	0	0.125	0	0	0	0	0	0.222222222	0.2	0.222222222	0	0.142857143	0	0.3	0.4	0.222222222	0.285714286	0.6	0	0.1	0	0	0.111111111	0.25	0.2	0.5	0.2	0.285714286	0.285714286	0.2	0.111111111	0.2	0	0.272727273	0.285714286	0.1	0.5
Aerolindigia capillacea	0	0	0	0.166666667	0	0	0	0	0	0	0	0	0.125	0	0	0	0	0	0	0	0	0	0	0	0	0	0	0	0	0	0	0	0	0	0	0	0	0	0	0	0	0	0	0	0	0	0	0	0	0	0	0	0	0	0	0	0	0	0	0
Brachymenium sp_	0	0.25	0.1	0.666666667	0.166666667	0	0.2	0.166666667	0	0.25	0.166666667	0.555555556	0.5	0	0	0	0	0.166666667	0.428571429	0	0	0	0	0	0.375	0.333333333	0.166666667	0.4	0	0	0.444444444	0.6	0.333333333	0.363636364	0.285714286	0.166666667	0.5	0	0.222222222	0.285714286	0	0	0.7	0.25	0.2	0.666666667	0.125	0	0.166666667	0.4	0.428571429	0.142857143	0.2	0.111111111	0	0.25	0.181818182	0	0.5	0.5
Brachymenium systylium	0	0	0	0	0	0	0	0	0	0	0	0	0	0	0	0	0	0	0	0	0	0	0	0	0	0	0	0	0	0	0	0	0	0.090909091	0	0	0	0	0	0	0	0	0	0	0	0	0	0	0	0	0	0	0	0	0.2	0	0	0	0.1	0
Brachythecium cf_ gloriosum	0	0	0	0	0	0	0	0	0	0	0	0	0	0	0	0	0	0	0	0	0	0	0	0	0	0	0	0	0	0	0	0	0	0	0	0	0	0	0	0	0	0	0	0	0	0	0	0	0	0	0	0	0	0	0	0.125	0	0	0	0
Braunia secunda	0	0	0	0	0	0	0	0	0	0	0	0	0	0	0	0	0	0	0	0	0	0	0.142857143	0	0	0	0	0	0	0	0	0	0	0	0	0.166666667	0	0	0	0	0	0	0	0	0	0.111111111	0	0	0	0	0	0	0	0	0	0	0	0	0	0
Bryomaltaea obtusifolium	0	0	0	0	0	0	0	0	0	0	0	0	0	0	0	0	0	0	0	0	0	0	0	0	0	0	0	0	0	0	0	0	0	0.090909091	0	0	0	0	0	0	0	0	0	0	0	0	0	0	0	0	0	0	0	0	0	0	0	0	0	0
Bryum huillense	0	0	0.2	0	0.166666667	0	0	0	0	0	0	0	0	0	0	0	0	0	0	0	0	0	0	0	0	0	0	0	0	0	0	0	0	0	0	0	0	0	0	0	0	0	0	0	0	0	0	0	0	0	0	0	0	0.111111111	0	0	0	0	0	0
Bryum kenyae	0	0	0	0	0	0	0	0	0	0	0	0	0	0	0	0	0	0	0	0.166666667	0	0	0	0	0	0	0	0	0	0	0	0	0	0	0	0	0	0	0	0	0	0	0	0	0	0	0	0	0	0	0	0	0	0	0	0	0	0	0	0
Campylopus sp_	0.1	0	0	0	0	0	0	0	0	0	0	0	0	0	0	0	0	0	0	0	0	0	0	0	0	0	0	0	0	0	0	0	0.111111111	0	0	0	0	0	0	0	0	0	0	0	0	0	0	0	0	0	0	0	0	0	0	0	0	0	0	0
Caudalejeunea sp_	0	0	0	0	0	0	0	0	0	0	0	0	0	0	0	0	0	0	0	0	0	0	0.142857143	0	0	0	0	0	0	0	0	0	0	0	0	0	0	0	0	0	0	0	0	0	0	0	0	0	0	0	0	0	0	0	0	0	0	0	0	0
Cheilolejeunea sp_	0	0	0	0	0.166666667	0	0	0	0.111111111	0	0	0.333333333	0	0.375	0	0	0.2	0	0.142857143	0.166666667	0	0.1	0.142857143	0.2	0.125	0	0	0	0	0	0	0	0	0	0	0	0	0	0	0	0	0	0	0	0	0	0	0	0	0	0	0	0	0	0	0	0	0	0	0
Chiloscyphus difformis	0.2	0.25	0	0	0.166666667	0.142857143	0	0	0.111111111	0	0	0	0	0	0	0	0	0	0	0.166666667	0	0	0	0	0.25	0.333333333	0	0	0	0	0	0	0.111111111	0	0	0	0	0	0	0	0	0	0	0	0	0	0	0	0	0	0	0	0	0	0	0	0	0	0	0
Chionoloma bombayense	0.1	0	0	0	0	0	0	0	0	0	0	0	0	0	0	0	0	0	0	0	0	0	0	0	0	0.166666667	0	0	0	0	0	0	0	0	0	0	0	0	0	0	0	0	0	0	0	0	0.125	0.2	0	0	0	0	0	0	0	0.125	0	0	0	0
Chryso-hypnum cavifolium/frondosum	0.1	0.375	0	0	0.333333333	0.714285714	0	0.166666667	0	0	0	0	0	0	0.111111111	0	0	0	0	0	0	0	0	0	0.5	0.5	0.166666667	0	0	0	0	0	0	0	0	0	0	0	0	0	0	0	0	0	0	0	0	0	0	0	0	0	0	0	0	0	0	0	0	0
Cololejeunea cardiocarpa	0	0	0	0	0	0	0	0	0	0	0	0	0	0	0	0	0	0	0	0	0	0	0.142857143	0	0	0	0	0	0	0	0	0	0	0	0	0	0	0	0	0	0	0	0	0	0	0	0	0	0	0	0	0	0	0	0	0	0	0	0	0
Cololejeunea minutissima	0	0	0	0	0	0	0.2	0	0	0	0	0	0	0	0	0	0	0	0	0	0	0	0	0	0	0	0	0	0	0	0	0	0	0	0	0	0	0	0	0	0	0	0	0	0	0	0	0	0	0	0	0	0	0	0	0	0	0	0	0
Cololejeunea mocambiquensis	0.1	0	0	0	0	0	0	0	0	0	0	0	0	0	0	0	0	0	0	0	0.090909091	0	0	0	0	0	0	0	0	0	0	0	0	0	0	0	0	0	0	0	0	0	0	0	0	0	0	0	0	0	0	0	0	0	0	0	0	0	0	0
Cryphaea rutenbergii	0	0	0	0.166666667	0	0	0.4	0	0	0	0	0.666666667	0.75	0.5	0.111111111	0	0.2	0.166666667	0.142857143	0	0	0	0	0.2	0	0	0.166666667	0.2	0	0	0.666666667	0	0.444444444	0.090909091	0	0	0	0	0	0	0	0	0	0.25	0	0	0	0	0.5	0	0.428571429	0	0	0.111111111	0	0	0	0.142857143	0.1	0
Entodon geminidens	0.2	0.125	0	0	0	0	0	0	0.222222222	0.125	0.166666667	0	0	0	0.333333333	0	0	0	0	0	0	0	0	0	0.125	0	0	0	0	0	0	0	0	0	0	0	0	0	0	0	0	0	0	0	0	0	0	0	0	0	0	0	0	0	0	0	0.181818182	0	0	0
Entodontella cameruniae	0	0	0.1	0	0	0	0	0	0	0	0	0	0	0	0.222222222	0	0	0.166666667	0	0	0	0	0	0	0	0	0	0	0.1	0	0	0	0	0	0	0	0	0	0	0	0	0	0	0	0	0	0	0	0	0	0	0	0	0	0	0	0	0	0	0
Entodontopis nitens	0	0	0	0.166666667	0	0	0.2	0	0.111111111	0.125	0.333333333	0.111111111	0.375	0.125	0.333333333	0	0	0	0.142857143	0	0.090909091	0	0	0.2	0	0	0.333333333	0	0	0	0.111111111	0	0.111111111	0.363636364	0.142857143	0.833333333	0.5	0.2	0.111111111	0.142857143	0.2	0.5	0.1	0.125	0.4	0.222222222	0	0	0.166666667	0.2	0	0.142857143	0	0.111111111	0.4	0.375	0.454545455	0	0.1	0
Erythrodontium julaceum/squarrosum	0	0	0	0	0	0	0	0.166666667	0.111111111	0	0	0	0.25	0	0.111111111	0	0	0	0.142857143	0	0	0	0	0	0	0	0	0	0	0	0.222222222	0.2	0	0	0.142857143	0.333333333	0.2	0.2	0	0	0.2	0.5	0.2	0	0	0	0	0.2	0.166666667	0.2	0	0.285714286	0.2	0.111111111	0	0.125	0.181818182	0.142857143	0.1	0
Fabronia pilifera	0	0.125	0.1	0	0	0	0	0	0	0	0	0	0	0	0	0	0	0.166666667	0	0	0	0	0	0	0	0	0	0.2	0	0	0.111111111	0.4	0.111111111	0	0	0	0	0	0	0	0	0	0.1	0	0	0.111111111	0	0	0.166666667	0.2	0.142857143	0	0.2	0.111111111	0.2	0.125	0.090909091	0.142857143	0.5	0.5
Fissidens androgynus	0.2	0	0	0	0	0	0	0	0	0	0	0	0	0	0	0	0	0	0	0	0	0	0	0	0	0.166666667	0	0	0	0	0	0	0.111111111	0	0	0	0	0	0	0	0	0	0	0	0	0	0	0	0	0	0	0	0	0	0	0.125	0	0	0	0
Fissidens cryptoneuron	0	0	0	0	0	0	0	0	0	0	0.166666667	0	0	0	0	0	0	0	0	0	0	0	0	0.2	0	0	0	0	0	0	0	0	0	0.181818182	0.142857143	0.166666667	0.1	0.4	0	0	0.2	0.5	0	0	0	0.111111111	0.125	0	0	0	0	0	0	0	0.2	0	0.181818182	0	0	0
Fissidens curticostatus	0	0	0	0	0	0	0	0	0	0	0	0	0	0	0	0	0	0	0	0	0	0	0	0	0	0	0	0	0	0	0	0	0	0	0.142857143	0	0	0	0.111111111	0	0	0	0	0	0	0	0.125	0	0	0.2	0	0	0	0	0.2	0	0	0	0	0
Fissidens ramulosus	0	0	0	0	0	0	0	0	0	0	0	0	0	0	0	0	0	0	0	0	0	0	0	0	0	0	0	0	0	0	0	0	0	0	0	0	0	0	0	0	0	0	0	0	0	0	0	0	0	0	0	0	0.2	0	0	0	0	0	0	0
Fissidens submarginatus	0	0	0	0	0	0	0	0	0	0	0	0	0	0	0	0	0	0	0	0	0	0	0	0	0	0.166666667	0	0	0	0	0	0	0	0	0	0	0	0	0	0	0	0	0	0	0	0	0	0	0	0	0	0	0	0	0	0	0	0	0	0
Fissidens usambaricus	0	0	0	0	0	0	0	0	0	0	0	0	0	0	0	0	0	0	0	0	0	0	0	0	0	0.166666667	0	0	0	0	0	0	0	0	0	0	0	0	0	0	0	0	0	0	0	0	0	0	0	0	0	0	0	0	0	0	0	0	0	0
Floribundaria floribunda	0.7	0	0.3	0	0.166666667	0.285714286	0.2	0.166666667	0.444444444	0.125	0	0	0	0.25	0	0.5	0.2	0.333333333	0.142857143	0.5	1	0.2	1	0	0.125	0	0	0	0.5	0.5	0	0	0	0	0	0	0	0	0	0.285714286	0	0	0	0	0	0	0	0	0	0	0	0	0	0	0	0	0	0	0	0
Floribundaria vaginans	0.2	0	0.2	0	0.5	0	0	0	0.222222222	0	0	0	0	0	0	0.125	0	0	0.142857143	0.166666667	0	0	0.142857143	0	0	0.166666667	0	0	0	0.5	0	0	0	0	0	0	0	0	0	0.142857143	0	0	0	0	0	0	0	0	0	0	0	0	0	0	0	0	0	0	0	0
Forsstroemia producta	0	0	0.1	0.333333333	0	0	0	0	0	0	0.166666667	0	0	0	0.222222222	0	0	0	0	0	0	0	0	0	0	0	0	0	0	0	0	0.2	0.111111111	0	0	0	0.1	0	0	0	0	0	0	0	0	0	0	0	0	0	0	0	0	0	0	0	0.090909091	0	0	0
Frullania socotrana	0	0	0	0	0	0	0	0	0	0	0	0	0	0	0	0	0	0	0	0	0	0	0	0	0	0	0	0	0	0	0.333333333	0	0	0	0	0	0	0	0	0	0	0	0	0	0	0	0	0	0.333333333	0	0.142857143	0	0	0	0	0	0.090909091	0	0	0
Frullania angulata	0	0	0.1	0	0	0	0	0	0	0	0	0	0	0	0	0	0	0	0	0	0	0	0	0	0	0	0	0	0	0	0	0	0	0	0	0	0	0	0	0	0	0	0	0	0	0	0	0	0	0	0	0	0	0	0	0	0	0	0	0
Frullania arecae	0	0	0	0.166666667	0.166666667	0	0	0	0	0.375	0.166666667	0.555555556	0.5	0.125	0.111111111	0	0.2	0	0	0.166666667	0	0.1	0.142857143	0.4	0.125	0	0.5	0.2	0	0	0	0	0.444444444	0.090909091	0	0	0	0	0	0	0	0	0	0	0	0	0	0	0	0	0	0	0	0	0	0	0	0	0	0
Frullania caffraria	0.2	0	0	0.166666667	0	0	0.2	0.166666667	0.222222222	0.25	0.166666667	0.111111111	0.125	0.125	0.222222222	0	0.6	0.166666667	0.285714286	0	0.090909091	0.2	0	0.2	0	0	0.166666667	0.4	0	0	0.666666667	0.8	0.111111111	0.272727273	0.285714286	0.166666667	0.4	0.4	0.111111111	0.285714286	0.4	0	0.2	0.375	0.2	0.555555556	0.125	0.2	0.333333333	0.2	0.857142857	0.142857143	0.4	0.111111111	0.4	0	0.272727273	0.285714286	0.7	1
Frullania depressa	0	0	0	0	0	0	0	0	0	0	0	0	0	0	0	0	0	0	0.285714286	0	0	0	0	0	0	0	0	0	0	0	0	0	0	0	0	0	0	0	0	0	0	0	0	0	0	0	0	0	0	0	0	0	0	0	0	0	0	0	0	0
Frullania ericoides	0	0	0	0	0	0	0	0	0	0	0	0	0	0	0	0	0	0	0	0	0	0	0	0	0	0	0	0	0	0	0.111111111	0	0	0	0	0	0	0	0	0	0	0	0	0	0	0	0	0	0.166666667	0	0	0.285714286	0	0	0	0	0	0	0	0
Frullania obscurifolia	0	0	0	0	0	0	0	0	0	0	0	0	0	0	0	0	0	0	0	0	0	0	0	0	0	0	0	0	0	0	0.111111111	0	0.111111111	0	0	0	0	0	0	0.285714286	0	0	0	0	0	0	0	0	0	0	0	0	0	0	0	0	0	0	0	0
Frullania riojaneirensis	0	0	0	0	0	0	0	0	0	0	0	0	0	0	0	0.125	0	0	0	0	0	0	0	0	0	0	0	0	0	0	0	0	0	0	0	0	0	0	0	0	0	0	0	0	0	0	0	0	0	0	0	0	0	0	0	0	0	0	0	0
Frullania trinervis	0.1	0.125	0	0	0	0	0	0	0	0	0	0	0	0	0	0	0	0	0.142857143	0	0	0	0	0	0	0	0	0	0	0	0	0	0	0	0	0	0	0	0	0	0	0	0	0	0	0.111111111	0	0	0	0	0	0	0	0	0	0	0	0	0	0
Frullanoides tristis	0	0	0	0	0	0	0	0	0	0	0	0	0.125	0.125	0	0	0	0	0	0	0	0	0	0	0	0	0	0	0	0	0	0.2	0	0	0	0	0	0	0.111111111	0	0	0	0.1	0.125	0	0.333333333	0	0	0	0	0	0	0	0	0	0	0	0	0	0
Homaliodendron piniforme	0	0.125	0	0	0	0	0	0	0	0	0.166666667	0	0	0	0	0	0	0	0	0	0.181818182	0	0	0	0	0	0	0	0	0	0	0	0	0	0	0	0	0	0	0	0	0	0	0	0	0	0	0	0	0	0	0	0	0	0	0	0	0	0	0
Hylocomiopsis cylindricarpa	0	0	0	0.333333333	0.166666667	0	0	0.166666667	0	0.125	0	0	0.25	0	0	0	0	0	0	0	0	0	0	0.2	0.125	0	0	0.4	0	0	0	0	0	0	0	0	0	0	0	0	0	0	0	0	0	0	0	0	0	0	0	0	0	0	0	0	0	0	0	0
Hypopterygium tamarisci	0	0.125	0	0	0	0.285714286	0	0	0	0	0	0	0	0	0	0	0	0	0	0	0	0	0	0	0	0.333333333	0	0	0	0	0	0	0	0	0	0	0	0	0	0	0	0	0	0	0	0	0	0	0	0	0	0	0	0	0	0	0	0	0	0
Lejeunea aethiopica	0	0	0	0.166666667	0	0	0.4	0	0.111111111	0	0	0	0	0.125	0.111111111	0	0	0	0	0	0	0	0	0	0	0	0	0	0	0	0	0	0	0	0	0	0	0	0	0	0	0	0.4	0	0	0.333333333	0.125	0.2	0.166666667	0.2	0.428571429	0.142857143	0	0.222222222	0	0.125	0	0	0	0.5
Lejeunea amaniensis	0	0	0	0	0	0	0	0	0.111111111	0.125	0	0	0	0.125	0	0	0.2	0	0.285714286	0	0	0	0	0	0	0	0	0	0	0.5	0	0	0.555555556	0.090909091	0	0	0	0	0	0	0	0	0	0.125	0	0	0	0	0	0	0	0	0	0	0	0	0	0	0	0
Lejeunea phyllobola	0	0.125	0	0	0	0	0	0	0	0.125	0	0.111111111	0.125	0.125	0.111111111	0.125	0	0	0.142857143	0	0	0	0	0	0	0	0	0	0	0	0.222222222	0	0	0	0	0	0	0	0	0	0	0	0.2	0	0	0.111111111	0	0	0	0	0	0	0	0	0.2	0.125	0.181818182	0.142857143	0.1	0.5
Lejeunea sp_ (confusa)	0.3	0.25	0.2	0.333333333	0.166666667	0.142857143	0	0.5	0.444444444	0.375	0.5	0.555555556	0.375	0.375	0.222222222	0.875	0.4	0.5	0.142857143	0.333333333	0.272727273	0.4	0.714285714	0.8	0.25	0.166666667	0.333333333	0.6	0.2	0.5	0	0.4	0.222222222	0.545454545	0.285714286	0.666666667	0.4	0.2	0.222222222	0.428571429	0.4	0.5	0	0.5	0.2	0	0.25	0	0.166666667	0.2	0	0	0	0.111111111	0	0.25	0.181818182	0	0.5	0
Lejeunea tabularis	0	0	0	0	0	0	0.4	0	0	0.125	0	0.333333333	0.25	0.5	0	0	0.2	0	0.428571429	0.166666667	0.090909091	0.2	0	0.2	0	0	0.166666667	0	0	0	0	0	0.222222222	0.090909091	0	0	0	0	0	0.285714286	0	0	0	0	0	0	0	0	0	0	0	0	0	0	0	0	0	0	0	0
Leucobryum sp_	0	0	0.2	0	0	0	0	0	0	0	0	0	0	0	0	0	0	0	0	0	0	0	0	0	0	0	0	0	0	0	0	0	0	0	0	0	0	0	0	0	0	0	0	0	0	0	0	0	0	0	0	0	0	0	0	0	0	0	0	0
Levierella neckeroides	0	0	0	0	0	0	0	0.166666667	0	0.25	0.166666667	0.111111111	0.375	0	0.333333333	0	0	0	0.142857143	0	0	0	0	0	0.25	0	0	0	0	0	0	0.4	0	0	0.714285714	0.166666667	0.8	0.4	0.444444444	0	0	0.5	0.1	0	0.6	0.222222222	0	0	0	0	0	0	0	0.111111111	0	0.375	0.181818182	0	0	0
Lindbergia patentifolia	0	0	0	0	0	0	0	0	0	0	0	0	0.125	0	0.111111111	0	0	0	0	0	0	0	0	0	0	0	0	0	0	0	0	0	0	0	0.428571429	0	0.2	0.2	0.222222222	0	0	0	0	0	0	0.222222222	0	0.2	0	0	0	0	0	0	0	0	0.090909091	0	0	0
Lopholejeunea nigricans	0	0.125	0.1	0	0.166666667	0	0	0	0	0	0	0	0	0	0	0	0	0	0	0	0	0	0	0	0	0.166666667	0	0	0	0	0	0	0	0	0	0	0	0	0	0	0	0	0	0	0	0	0	0	0	0	0	0	0	0	0	0	0	0	0	0
Macrocoma sp_	0	0	0	0	0.333333333	0	0	0	0	0	0	0	0.125	0	0	0	0	0	0.142857143	0	0	0	0	0	0	0	0	0	0	0	0.111111111	0	0.111111111	0	0	0	0	0	0	0.285714286	0	0	0	0	0	0.222222222	0.125	0	0.166666667	0.2	0.142857143	0	0.2	0	0	0	0	0	0.1	0.5
Macromitrium sulcatum	0	0	0	0	0.166666667	0	0	0	0	0	0	0	0	0	0	0	0	0	0	0	0	0	0	0	0	0	0	0	0	0	0	0	0	0	0	0	0	0	0	0	0	0	0	0	0	0	0	0	0	0	0	0	0	0	0	0	0	0	0	0
Metzgeria sp_	0.4	0.5	0.4	0.166666667	0	0.428571429	0.4	0.166666667	0.333333333	0.5	0.333333333	0.555555556	0.25	0.75	0.111111111	0.375	0.2	0.5	0.285714286	0.333333333	0.090909091	0.4	0.571428571	0.4	0.125	0.166666667	0	0.6	0.1	0.5	0	0	0.333333333	0.272727273	0	0	0.2	0.2	0.666666667	0.285714286	0.4	0.5	0.1	0.25	0.2	0	0.125	0	0.166666667	0	0.142857143	0	0	0.111111111	0.2	0.375	0.090909091	0	0	0
Microlejeunea africana	0.1	0	0	0	0	0.142857143	0	0	0	0.125	0	0	0	0	0	0.125	0	0	0.142857143	0.166666667	0	0	0.714285714	0	0	0	0	0	0	0	0	0	0	0	0	0	0	0	0	0	0	0	0	0	0	0	0	0	0	0	0	0	0	0	0	0	0	0	0	0
Neckera sp_	0.3	0	0.2	0.333333333	0	0.142857143	0.2	0.333333333	0.111111111	0.5	0.666666667	0.555555556	0.5	0.125	0.333333333	0	0.2	0.333333333	0.142857143	0	0.090909091	0.2	0.142857143	0.4	0	0	0.333333333	0.8	0.1	0	0	0	0.333333333	0.181818182	0	0.166666667	0.5	0.2	0.111111111	0	0	0	0	0	0	0	0	0	0	0	0	0	0	0	0	0	0	0	0	0
Orthostichella welwichi	0	0	0	0	0	0.142857143	0	0	0	0	0	0	0	0	0	0	0	0	0	0	0	0	0	0	0	0	0	0	0	0	0	0	0	0	0	0	0	0	0	0	0	0	0	0	0	0	0	0	0	0	0	0	0	0	0	0	0	0	0	0
Orthotrichum aequatoreum	0	0	0	0.166666667	0	0	0.4	0	0	0	0	0	0	0	0	0	0	0	0	0	0	0	0	0	0	0	0	0	0	0	0	0	0	0	0	0	0	0	0	0	0	0	0	0	0	0	0	0	0.166666667	0	0	0	0	0	0	0	0	0	0	0
Orthotrichum firmum	0	0	0	0	0	0	0.2	0	0	0	0	0	0	0	0	0	0	0	0	0	0	0	0	0	0	0	0	0	0	0	0	0	0	0	0	0	0	0	0	0	0	0	0	0	0	0	0	0	0	0	0	0	0	0	0	0	0	0	0	0
Orthostichella capillicaulis	0.8	0.5	0.2	0.5	0	0.142857143	0.2	0.833333333	0.666666667	0.25	1	0.777777778	0.375	0.5	0.666666667	1	0.6	0.666666667	0.428571429	0.666666667	0.909090909	1	0.571428571	0.8	0.375	0.333333333	0.166666667	0.8	1	0.5	0	0	0.333333333	0.636363636	0.142857143	0.333333333	0.6	0.8	0.666666667	0.714285714	0.2	1	0.1	0.375	0.4	0	0.75	0.8	0.166666667	0	0.142857143	0.142857143	0	0.444444444	0.4	0.5	0.454545455	0	0.1	0
Papillaria africana	0	0	0	0	0.166666667	0	0	0	0	0	0	0	0	0	0	0	0	0	0	0	0	0	0	0	0	0	0	0	0	0	0	0	0	0	0	0	0	0	0	0	0	0	0	0	0	0	0	0	0	0	0	0	0	0	0	0	0	0	0	0
Pelekium sp_	0.2	0.125	0	0	0	0	0	0	0	0	0	0	0	0	0.222222222	0	0	0	0	0	0	0	0	0	0	0	0	0	0	0	0	0	0	0	0	0	0	0	0	0	0	0	0	0	0	0	0	0	0	0	0	0	0	0	0	0	0	0	0	0
Plagiochila fusifera/kiaeria	0.2	0.25	0	0.166666667	0	0	0	0.5	0	0.125	0.166666667	0.333333333	0.25	0.25	0.555555556	0	0	0.166666667	0	0	0	0.3	0	0.4	0.125	0	0.333333333	0	0	0.5	0	0	0.222222222	0	0.285714286	0.166666667	0.2	0	0.111111111	0.142857143	0	0	0.1	0.125	0	0	0.125	0.2	0.166666667	0.4	0.142857143	0.285714286	0	0.222222222	0	0.125	0.181818182	0	0.8	0
Plagiochila squamulosa	0.1	0.25	0.2	0.666666667	0.333333333	0	0.2	0.333333333	0.333333333	0.875	0.666666667	0.888888889	1	0.75	0.444444444	0.125	0.6	0.166666667	0.285714286	0.166666667	0.181818182	0.4	0	0.4	0.125	0	0.833333333	0.4	0	0	0.777777778	0.8	0.777777778	0.636363636	0.714285714	0.5	0.7	0.2	0.666666667	0.714285714	0.4	0.5	0.5	0.625	0.6	0.666666667	0.375	0	0.333333333	0.8	0.285714286	0.142857143	0.4	0.222222222	0.8	1	0.727272727	0.285714286	0	1
Porella abyssinica	0	0.125	0.1	0	0	0	0	0	0	0	0	0.111111111	0	0	0.111111111	0	0	0.166666667	0	0	0	0	0	0	0	0	0	0	0	0	0	0	0	0	0	0	0	0	0	0	0	0	0	0	0	0	0.125	0	0	0	0	0	0	0	0	0	0	0	0	0
Porotrichum elongatum	0.1	0	0	0	0	0.428571429	0	0	0.111111111	0	0	0	0	0.125	0	0	0	0	0	0.166666667	0.181818182	0	0.142857143	0.2	0.25	0.166666667	0	0	0.1	0	0	0	0	0	0	0	0	0	0	0	0	0	0	0	0	0	0	0	0	0	0	0	0	0	0	0	0	0	0	0
Ptychanthus africanus	0	0	0	0	0	0	0	0	0	0.125	0	0.111111111	0.125	0.25	0.111111111	0.125	0	0.666666667	0.285714286	0	0.090909091	0.2	0	0	0	0	0.166666667	0	0	0	0	0	0.111111111	0.363636364	0	0	0	0	0	0	0	0	0	0	0	0	0	0	0	0	0	0	0	0.111111111	0	0	0	0	0	0
Racopilum africanum	0.3	0.75	0	0	0	0	0	0.166666667	0.666666667	0	0	0	0	0	0.333333333	0	0.2	0.166666667	0	0.166666667	0.090909091	0	0.142857143	0	1	0.333333333	0	0	0.1	1	0.111111111	0.2	0.111111111	0.181818182	0.428571429	0.666666667	0.3	0.8	0.888888889	0	0.6	0.5	0	0.25	0	0.222222222	0.125	0.4	0.166666667	0.2	0.142857143	0.857142857	0.6	0.666666667	0.2	0.625	0.363636364	0.714285714	0.8	0
Radula fulvifolia	0	0	0.1	0	0	0	0	0	0	0	0	0	0	0	0	0	0	0	0	0	0	0	0	0	0	0.166666667	0	0	0	0	0	0	0	0	0	0	0	0	0	0	0	0	0	0	0	0	0	0	0	0	0	0	0	0	0	0	0	0	0	0
Radula quadrata	0.1	0	0	0.333333333	0.333333333	0	0.2	0	0.333333333	0.25	0	0.555555556	0	0.625	0	0.125	0.6	0	0.285714286	0	0	0.2	0.142857143	0.6	0	0.166666667	0.166666667	0	0	0	0.111111111	0	0.111111111	0.454545455	0	0	0	0	0	0.428571429	0	0	0	0.125	0	0	0	0	0	0	0.142857143	0	0	0	0	0	0	0	0.1	0.5
Radula voluta	0.1	0	0	0	0	0	0	0	0	0	0.166666667	0.333333333	0	0.25	0	0.125	0	0.166666667	0.142857143	0.166666667	0.090909091	0.1	0	0	0	0	0	0	0.1	0	0	0	0	0.272727273	0	0	0	0	0	0	0	0	0	0	0	0	0	0	0	0	0	0	0	0	0	0	0	0	0	0
Regmatodon orthostegius	0	0	0.1	0	0	0	0	0	0	0.125	0	0	0	0	0	0	0	0	0	0	0	0	0	0	0	0.166666667	0	0	0	0	0	0	0	0	0	0	0	0	0	0	0	0	0	0	0	0	0	0	0	0	0	0	0	0	0	0	0	0	0	0
Rhachithecium perpusillum	0	0	0	0	0	0	0	0	0	0	0	0	0	0	0	0	0	0	0	0	0	0	0	0	0	0	0	0	0	0	0	0	0	0	0	0	0	0	0	0	0	0	0	0	0	0	0	0	0	0	0	0	0.2	0	0	0	0	0	0	0
Rhodobryum commersonii	0	0	0	0	0	0	0	0	0	0	0	0	0	0	0	0	0	0	0	0	0	0	0	0	0	0	0	0	0	0	0	0	0.111111111	0	0	0	0	0	0	0	0	0	0	0	0	0	0	0	0	0	0	0	0	0	0	0	0	0	0	0
Rhyncostegium sp_	0	0	0	0.5	0.166666667	0	0	0.166666667	0.222222222	0	0.333333333	0	0.25	0.125	0	0	0	0	0	0.166666667	0	0	0	0.2	0.125	0.166666667	0	0	0	0	0	0	0	0	0	0	0.2	0	0	0	0.2	0	0.1	0.125	0	0	0	0	0	0	0	0	0	0	0	0	0	0	0	0
Schiffneriolejeunea sp_	0	0	0.1	0	0	0	0	0	0	0	0	0	0	0	0	0	0	0	0	0	0	0	0	0	0	0	0	0	0	0	0	0	0	0	0	0	0	0	0	0	0	0	0	0	0	0	0	0	0	0	0	0	0	0	0	0	0	0	0	0
Schlotheimia sp_	0	0	0	0.166666667	0	0	0	0	0	0	0	0	0	0	0	0	0	0	0	0	0	0	0	0	0	0	0	0	0	0	0	0	0	0	0	0.166666667	0	0	0	0	0	0	0	0	0	0	0	0	0	0.2	0.142857143	0	0	0	0	0	0	0	0	0
Schoenobryum concavifolium	0	0	0	0.5	0.166666667	0	0.6	0	0	0.125	0	0.222222222	0.375	0.25	0	0	0	0.166666667	0.142857143	0	0	0.1	0	0	0	0	0	0	0	0	0.444444444	0	0.111111111	0	0.142857143	0	0.1	0	0.111111111	0.142857143	0	0	0.1	0.125	0	0.222222222	0	0	0.166666667	0	0.428571429	0	0	0	0	0.125	0.181818182	0.285714286	0	0
Schwetschkea fabronioides	0	0	0	0.333333333	0	0	0	0.166666667	0.111111111	0.125	0.333333333	0.222222222	0.25	0	0.222222222	0	0.2	0.333333333	0	0	0	0.1	0.142857143	0.4	0	0	0	0.4	0.1	0	0.333333333	0	0.222222222	0.090909091	0.428571429	0.333333333	0.2	0.4	0.222222222	0	0.6	0.5	0.1	0.25	0.2	0	0.125	0	0	0	0.142857143	0	0	0.111111111	0	0.125	0.181818182	0.142857143	0	0
Sematophyllum sp_	0.1	0	0	0	0	0	0	0	0	0	0	0	0	0	0	0	0	0	0	0	0	0	0	0	0	0	0	0	0	0	0	0	0	0	0	0	0	0	0	0	0	0	0	0	0	0	0	0	0	0	0	0	0	0	0	0	0	0	0	0
Streptopogon erythrodontus	0	0.125	0	0.5	0	0	0.2	0	0	0	0	0.222222222	0.125	0.25	0	0	0	0.166666667	0	0	0	0	0	0	0	0	0.166666667	0	0	0	0	0	0.111111111	0	0	0	0	0	0	0	0	0	0	0	0	0	0	0	0	0	0	0	0	0	0	0	0	0	0	0
Syntrichia amphidiacea	0	0	0	0.166666667	0	0	0.2	0.166666667	0.111111111	0.125	0	0.222222222	0.25	0	0	0	0	0	0.142857143	0	0	0	0	0	0	0	0	0.2	0	0	0.111111111	0.2	0.111111111	0.181818182	0	0	0.2	0	0	0	0	0.5	0.1	0.125	0	0.222222222	0	0	0.166666667	0.2	0.285714286	0	0.4	0	0.4	0.375	0.090909091	0	0	0.5
Syntrichia fragilis	0	0	0	0	0	0	0	0	0	0	0	0	0	0	0	0	0	0	0	0	0	0	0	0	0	0	0	0	0	0	0	0	0	0	0	0	0	0	0	0	0	0	0	0	0	0	0	0	0	0	0.142857143	0	0	0	0	0	0	0	0	0
Syrrhopodon sp_	0	0	0	0	0	0	0	0	0	0	0	0	0	0	0	0	0	0	0	0	0	0	0	0	0	0	0	0	0	0	0	0	0.111111111	0	0	0	0	0	0	0	0	0	0	0	0	0	0	0	0	0	0	0	0	0	0	0	0	0	0	0
Taxilejeunea conformis	0	0	0	0	0	0	0	0	0.111111111	0.25	0	0.222222222	0.25	0.625	0	0	0	0	0	0	0.090909091	0.1	0	0	0	0	0.5	0	0	0	0	0	0	0	0	0	0	0	0	0	0	0	0	0	0	0	0	0	0	0	0	0	0	0	0	0	0	0	0	0
Tayloria orthodonta	0	0	0.1	0	0	0	0	0	0	0	0	0	0	0	0	0	0	0	0	0	0	0	0	0	0	0	0	0	0	0	0	0	0	0	0	0	0	0	0	0	0	0	0	0	0	0	0	0	0	0	0	0	0	0	0	0	0	0	0	0
Thamniopsis utacamundiana	0	0	0	0	0	0.142857143	0	0	0	0	0	0	0	0.125	0	0	0	0	0	0	0	0	0	0	0.125	0.333333333	0	0	0	0	0	0	0	0.090909091	0	0	0	0	0	0	0	0	0	0	0	0	0	0	0	0	0	0	0	0	0	0	0	0	0	0
Wijkia jungneri	0.1	0	0.6	0	0	0.142857143	0	0.166666667	0	0	0	0	0	0	0	0	0	0	0	0.166666667	0	0	0	0	0	0.666666667	0	0	0	0	0	0	0.111111111	0	0	0	0	0	0	0	0	0	0	0	0	0	0	0	0	0	0	0	0	0	0	0	0	0	0	0
Zygodon sp_	0	0	0	0	0.166666667	0	0	0	0	0	0	0	0.125	0	0	0	0	0	0	0	0	0	0	0.2	0	0	0	0	0	0	0	0	0	0	0	0	0	0	0	0.142857143	0	0	0	0	0.2	0.111111111	0	0	0	0	0	0	0	0	0	0	0	0	0	0
